295
284
354
321
336
259
313
283
298
386
350
311
367
296
280
310
307
334
304
349
351
287
250
327
282
339
340
331
328
350
333
362
345
353
311
345
353
286
249
274
311
309
252
313
361
320
329
297
381
276
245
281
323
342
341
210
364
265
285
272
331
348
279
334
318
243
302
311
361
325
366
385
312
299
286
260
314
297
348
282
329
287
290
285
369
287
349
313
300
306
295
299
192
320
269
273
284
295
257
392
259
328
304
393
345
353
271
246
321
355
308
346
319
317
297
316
305
347
393
267
359
307
268
295
270
299
262
324
391
305
273
368
310
382
258
324
294
328
302
305
307
302
307
308
366
340
386
288
311
329
342
348
338
330
318
320
392
330
290
311
274
268
362
328
252
284
306
269
357
379
242
333
281
338
321
264
294
239
328
329
309
346
313
376
300
272
293
245
324
251
298
273
320
374
294
226
272
287
294
364
285
320
295
308
298
293
364
390
336
310
304
299
286
273
352
370
293
323
376
317
275
323
271
298
287
316
347
312
322
244
388
305
335
350
281
254
281
282
357
323
362
326
224
310
329
283
289
370
350
293
304
258
297
245
334
315
249
317
295
309
370
298
293
309
334
290
258
289
335
260
326
336
273
350
287
348
313
310
254
306
339
349
314
321
260
269
311
355
263
348
343
292
366
302
273
229
321
323
325
268
322
287
318
283
250
361
350
251
332
401
304
263
370
310
262
318
236
298
312
299
273
293
325
296
288
345
328
316
259
310
275
274
308
249
300
295
400
290
322
399
335
326
304
290
290
265
319
363
296
266
260
323
340
314
400
278
291
255
314
345
333
394
304
277
306
300
350
337
258
273
343
313
250
338
327
325
319
335
305
239
297
358
328
383
369
335
306
267
256
326
268
375
353
273
409
351
305
213
280
301
253
297
321
297
327
294
312
309
290
338
313
300
283
240
260
320
340
275
295
340
296
339
280
338
296
275
272
348
294
305
360
373
284
273
304
291
324
348
396
283
289
313
287
347
356
278
375
259
231
424
270
412
263
298
267
261
302
274
303
403
279
294
302
308
329
294
237
276
280
364
297
244
249
292
355
319
357
252
408
318
297
288
321
272
355
299
268
316
194
382
300
285
230
270
305
323
311
360
321
296
349
254
276
320
333
337
336
290
285
349
360
292
237
231
381
275
302
225
308
316
295
272
339
301
304
293
287
308
335
362
305
336
318
231
359
314
308
351
319
283
343
283
268
301
321
337
287
313
302
291
321
302
260
333
394
318
341
281
231
323
332
268
333
304
271
307
269
248
260
315
350
361
300
229
281
367
340
332
348
295
232
327
280
349
297
307
304
295
267
345
360
318
358
322
310
349
363
297
325
245
321
321
338
316
356
331
275
335
279
269
317
283
293
346
312
308
338
306
346
277
294
288
339
354
271
293
325
261
317
310
312
234
274
278
305
317
314
278
301
275
359
298
336
279
345
230
350
287
274
311
294
347
360
310
248
278
272
318
355
380
295
295
281
220
376
272
303
319
269
326
283
222
277
336
329
305
305
322
342
245
292
453
300
236
299
350
325
298
331
332
280
303
302
325
342
322
310
333
308
328
288
283
324
292
282
302
257
248
337
283
293
326
290
340
299
336
291
322
250
334
349
264
300
301
348
278
316
333
309
326
277
270
279
305
198
279
334
290
287
272
268
387
314
299
303
295
343
362
327
354
366
367
300
313
335
383
286
304
275
284
342
265
317
302
372
313
265
355
333
288
300
290
216
354
345
295
318
254
319
327
294
278
277
307
333
266
293
304
349
285
333
232
275
267
331
335
299
279
274
275
297
313
310
313
310
350
320
291
261
293
300
296
336
288
372
286
284
313
318
281
278
323
292
362
255
264
369
279
330
297
347
345
333
275
300
278
325
264
284
331
297
283
257
205
274
289
302
373
256
291
348
326
331
287
267
344
246
359
277
329
308
320
232
381
307
332
316
354
256
356
339
353
333
237
281
323
326
296
356
377
262
364
283
276
264
275
317
325
314
281
287
327
339
336
295
334
299
290
329
278
332
277
296
282
285
290
344
280
353
282
333
334
384
363
306
288
285
279
242
280
289
264
359
312
342
296
336
348
240
303
309
339
344
248
322
365
350
384
299
273
274
328
245
321
311
293
323
304
299
346
293
344
264
255
296
303
321
350
287
320
336
342
293
365
326
357
327
260
295
311
296
284
291
227
356
330
243
345
281
228
348
248
279
278
228
339
425
290
394
344
344
302
324
311
288
271
310
277
304
262