8136.578257543
7773.797613292659
8061.4546278925745
8392.98554239535
7898.637080242392
7947.420072118708
7996.693729978371
7689.051802398928
7845.431250531626
8219.311344550686
7908.35686037191
7893.781999369115
7942.529375911567
7764.334735229193
8086.580790063166
8041.442111031567
7874.405183699166
8036.452308034253
8281.795382183533
8096.547195202381
8297.559969804577
8061.452545927031
8001.65155472707
7986.811051691593
7913.2298316425
8152.5021350723955
7874.353716686883
7898.6373612810585
8137.212383920283
7942.525222865161
7735.98124239006
7947.438413933953
7797.595503781318
8021.50949433489
8271.331791118297
8157.281930920919
8126.916355376436
8091.61747061333
8091.620842745035
8001.601588959558
8398.56318160107
8011.539355027327
8061.444355410885
7976.939369259839
7797.596161021427
8011.498568263775
7788.072139188473
7996.700954778165
7675.06598603485
8016.538222979602
7675.055651342276
7991.753274829548
7707.785168169496
7913.230031963585
7903.497111129784
7888.9310367224625
7797.596304688779
8116.88059110195
8036.409320543646
8001.382551238594
8111.832530433163
8106.753451902675
8041.432664539705
7835.862805304452
7788.06969610759
7797.592032406015
8234.860916706202
8127.027309551646
7740.699516067098
7731.276132378056
7797.5905200599955
8152.502381133322
8302.796948037902
8041.441742945704
8132.125828375634
8224.482213948078
7831.0567377581665
8287.052555937626
8260.829807034903
8116.895370093216
8266.094593083199
8193.49595628714
8036.407293307857
8127.011048979892
7628.657939105689
8178.090895364852
7922.887419203205
8157.609659628957
8188.191122541028
8031.466192660779
8051.439012477971
7773.809506657009
8229.672654070568
8430.918908791684
8046.433077408537
7952.341875748714
7957.206758130955
7656.456187671892
8051.438386991211
8137.169419695718
8182.742573225921
8071.489670763498
8066.468602418136
7942.537566712021
8178.091466071282
7637.876426919333
8021.509449370877
8167.734096522881
8355.759597158909
7712.472638679665
7957.249861474018
7996.674427048936
7986.809529790084
8066.396757086004
8132.126149637095
8001.652532767886
7937.637746571756
8178.090974102497
7807.137106982313
8313.362393618703
7735.986643706881
8021.507208440527
8329.220586844078
7693.7387838443965
8323.929278958722
7684.314871994927
8152.501220882427
7927.859089307221
7937.637190363861
8157.599991580722
8208.97477636797
7864.704289300853
8329.221417017368
8287.052749647108
7712.441416813948
7991.751561376887
7947.435981933826
8240.05224808423
8255.66478720164
7893.748069635761
8255.669691250225
8031.46536342107
7854.854068054128
7816.6954453113085
8203.81206057981
7991.7444683386975
7879.24286863493
8066.465377757926
7981.856323919002
7903.48032773012
7769.074007563953
7578.048249359051
8157.609720554534
8091.620505159721
7546.079596944113
8066.469409818568
7879.2426118812145
8036.450452028512
8036.451561233034
8350.447722990606
8178.091466071282
8313.363843134537
8066.469652159751
7888.80737861886
8051.4388240557
7996.700678170564
8157.6032244727485
7922.924875258352
7689.064682878645
7721.867798472885
8091.614109537897
8188.270453229017
7840.665195136962
8313.363502823226
8172.9627009763235
7840.660238069297
7903.49561905062
8086.543406734452
7850.282849952962
8137.165284950699
8203.814072925503
8036.452228019543
7864.736129961544
8152.501738083206
7947.438759813584
8061.449214661457
8046.43851694301
8096.666311163307
7986.808925192721
8172.963075922548
8091.5760037127675
8056.442374278622
8147.344194631193
7807.12452079427
7783.308992937711
7721.86764919496
7962.168423126821
8208.972550148603
7792.8169914215105
7937.641772349994
8036.452218940871
7893.781696511492
7656.446418568442
8091.620858010183
8121.910138386019
8056.39040743314
8121.969101700152
8076.515190272474
7773.8172899810115
8147.3993667174755
8056.444308409964
7967.087253293995
8091.61747061333
8132.090488550215
7769.07395396563
7811.911519242447
7893.782068651591
8250.454997980758
8071.489592025853
7859.918559893311
8036.452336504954
7962.167080748974
8512.81418687168
8011.552080437516
7918.103145450214
8132.124002833571
8245.239133935234
8198.57912059916
7991.747539751525
8162.720475660874
7750.065970809274
8046.438053378926
8398.544495598066
7754.847254201654
7976.939834141855
8031.466440631679
7855.097732980641
8121.968394890756
8355.40971564227
8213.323752629824
7932.589486169145
8021.508323827249
7932.70950602075
7884.084821620772
7996.695266461138
8026.485515617164
7582.634817676198
7802.364748297821
7689.064513286243
7670.407622948186
7821.480829861928
7735.986722039794
7888.931203707747
7996.698789465167
7888.931164468986
7764.334393045136
7831.063634265231
8116.898111856668
8127.009388189772
7879.191252775272
7972.011436828653
8398.561836303395
8323.375130962831
7991.753386918951
8006.604614173537
8208.974837698408
8371.642131837109
8255.668922657613
7816.68451622421
8224.459124886416
7976.939369259839
7981.873031701315
8157.6086689890035
7826.270006196277
8001.647725570569
8076.506137720697
8041.438956105856
8172.959920563536
7957.253326391183
7807.113281278891
7947.438661904853
7874.390977959714
8061.443764532381
7996.56223121949
8006.607648146921
8147.400614391489
8081.517578192019
7670.397315061108
7922.887419203205
7855.099168305005
7972.011180032211
8076.4912540597725
8016.538198361804
8076.497637837405
7759.587027970463
7693.738346583667
7986.811060756589
8026.484708228784
8266.107473754204
7898.637307478202
8061.441808743296
7972.006577683126
7879.229983468122
7942.538088394062
8512.843274683466
8021.492665971213
8162.72177144939
7661.102648686943
8318.643728749656
8183.127463069141
7873.894758631855
8178.054085549857
8308.090106513162
8091.614503268245
8361.096924788846
7967.081431296026
8568.29936602129
8167.8399910405205
7918.071085771719
8056.441424428502
7721.826731857923
7362.38755446908
7816.695405887758
7966.873601771217
8142.303813254111
8081.486603210138
8240.028201000263
8076.515366322754
7893.781567833811
8061.454290378605
7922.924875258352
7864.722761769988
7991.634562786893
8297.55998867326
8496.284719246974
7698.398304440312
8091.6210464796695
8172.9508741293785
8228.913855422034
7831.064502781426
8071.488161978588
7986.810912081593
8318.643184352764
7942.39394416755
7864.743389843599
8292.303676226196
8167.434363978347
8167.838118303747
7684.393540306936
8026.471245649315
8162.433449744512
8016.534650535969
7893.782071536293
8193.508839723114
8011.563030195885
7913.230191297596
8214.138926176092
8345.123893419825
8178.091440949913
7675.06283482813
7908.361296275738
7908.347831326617
8152.49876479304
8147.386272223869
8001.653120200239
8137.209827657671
8152.491640225085
8056.444384995479
7976.939899969195
8172.952737077682
8061.453668563777
7932.750411110961
8496.33849442099
7922.979958717473
7807.13740493323
8137.210992184344
8055.793366279808
8147.400389016008
8308.090350847671
7726.561799884215
8066.341256058751
8111.336210042371
8116.89818315913
8420.109850205512
8137.209473313542
8081.256792032982
7874.390189494701
8096.6409793506455
8203.792267413624
8021.411737332675
7726.49369472698
7996.701071410625
8016.527887903089
8081.539766228829
7455.731963131024
7811.911853577776
8016.537969648593
8046.428780553735
8056.442943299304
8016.536877681928
8157.609563949538
8172.843929003834
8071.450981657374
7712.47536698371
7996.701081051466
7864.742038642749
8334.51842597826
7610.154171549226
7903.497153934146
8046.438537019278
7981.856323919002
7750.142120536769
7840.665076430587
8041.433762017661
8066.469802291142
8387.827600174056
8071.403658943807
7689.064062031761
7937.641941411446
8041.442894983709
7967.07076619825
8006.605234319384
7505.2524444566325
7913.230199900545
7937.639757229765
8071.488997191582
7937.641964847684
7932.70950602075
7859.918794298748
8041.438429658334
8302.818263529636
8281.594268217097
8026.461475553954
7879.240984588683
8051.437987178859
7821.480853215342
7996.7010582109015
8366.430887843233
8036.451504555156
7922.973955714162
8021.509500026827
8051.417207295832
7937.5990339355485
8006.610021679229
7855.09905888924
8021.506893108264
7840.5317035663375
7831.060950406249
7908.3373090703135
8111.832459130701
8208.954122470252
8339.720806382922
7769.072671262778
8302.81895099266
7962.088804621917
8046.43829990347
7783.102345528159
8157.609618836797
7806.900384661232
8323.92911018565
7888.879609332291
7996.701082084901
7893.780894261895
8011.571542166451
7903.497111129784
8152.501794761084
8137.208388293762
8260.809885752276
7932.735429153323
7952.343520453529
7816.695419930036
7947.431824602647
7840.663250888523
8302.821962852238
8219.310180024013
7967.087598952629
8214.141008141636
7864.742978406977
8011.5709874745635
7831.057174548896
8147.398478827622
7922.875401610741
8208.974407855087
8147.387024384811
8188.357404521894
7922.965338174148
7971.984782132799
7792.82697367105
7835.862788128874
7908.361296275738
8061.454646780466
8091.6199477845
7927.757756860699
8281.807545595462
8287.038742670748
8147.266931505436
7918.076838407553
8297.560096809852
7831.062080997324
7981.872617305265
8308.090345326778
7850.139407843422
8101.716640405443
8031.465868219915
8026.484708228784
8011.571684384461
7947.427211598824
8297.517081197362
8474.41475349563
8245.250917517029
8031.466302476558
8474.426937003054
8162.707884594457
8208.825203663419
8219.280380304212
8096.586716928011
8224.477117295692
8167.792852073862
8031.466217830235
8208.953037156145
8137.212413742629
8076.509209133525
8157.606191817833
7947.409351291622
8116.8981282718705
8308.087583656285
8111.830667217369
8121.960868340741
7816.692665991341
7831.063634265231
7874.404072453321
7937.642049466662
8096.645621860201
7707.783617716916
7628.6468236905075
7962.168409831447
7957.253875003997
8260.885771482512
8137.176772960402
7826.243892863098
7831.059952891997
8036.4509873543775
7788.072056763876
8142.286180404772
8260.8819363195
7952.343803581951
8026.483307999245
8167.839936332464
8046.427627279461
7726.553213482897
8420.109789581917
7976.89888509133
8106.76783843348
8398.562717291883
8260.865519299157
8393.145118451199
8006.595738835358
8240.04507954994
8224.488559420013
7907.918528908474
8414.713443508192
8193.494486867123
7972.000507408203
8041.443001509368
7952.344024164542
7903.435542660933
8101.716698376112
8147.400044794792
7550.641126640859
8276.569182427023
7971.999235338403
8137.212388097192
7869.5722030556935
8076.515339027785
7962.158653365905
7913.225347140278
7816.695446033327
8111.804676002803
8006.608650379698
7990.621464104409
7864.74032667187
8172.963075939838
8011.565219104864
8193.50833817569
8387.827600685758
8036.421458498675
7972.011417148019
7874.404864814647
8157.6097573927345
7937.640037403493
7859.915337099446
7840.665373199699
7807.13735883144
7952.343990328698
7783.3157626454995
8329.221418740583
8066.453116432305
8147.400452531202
8152.502395323315
8302.812534359255
8152.486600339103
8178.07550811705
7792.831877719635
7869.568160809717
8011.5713877157095
7937.640285946252
7986.811060756589
7614.811058924328
7942.538105279675
7802.359276049174
8026.485096957883
7981.8729548905785
8071.487728766493
8323.913812973275
8106.720525468728
7913.230114401442
8276.569188010917
7991.663569538704
7811.914298305908
7991.753706607667
8234.860668735302
8255.115296729791
8162.598392608194
8188.354002964446
8127.044942400986
7651.812569093194
7947.438293812525
8106.771419573507
8066.461702833623
8011.571762359014
7947.438689801464
8260.885891603939
8106.638446023127
8203.801871195456
8081.207384841067
8106.756998276546
7855.096214109839
8240.054852901096
7952.342763638568
7996.701081849978
8234.860999966308
7903.407022615074
7884.084829053454
8096.6661929280735
7850.280964138681
8021.509280527587
8152.50202828286
7807.100014130179
8219.31195607357
7840.665224592103
8127.042088542912
7981.8301430941
7888.93072191369
8132.125319297042
7693.735273995587
7957.253651653371
8041.430801591401
8281.805822075077
7898.637301289331
8016.53820846221
7802.360181917231
7491.704331905701
7564.331582033288
8229.670726626377
8051.43866491472
7845.456347452332
7802.364751491175
7996.699983006894
8329.087723058421
8245.254205244119
8167.82907297227
7972.010764734597
8183.223783371403
7831.025333888205
8224.48642659616
8350.413731805735
8193.508493843483
7918.09315456146
8297.560097105377
7783.315452654046
7884.08481367529
7855.098853582118
7972.01124831644
7942.538107484837
8234.858724108872
8021.509312207938
7996.701003770237
8318.305879731435
8126.783129759095
8276.56816282154
7811.911143839674
7614.8114654142355
8081.545581902028
7859.918469857885
8234.860344294439
7986.440307718227
7932.750068926904
8066.4699510913015
7740.70058414334
8193.508493843483
7947.43579963113
7913.222854519387
7764.334658528707
8398.56308538421
8234.851240242318
7952.3357754268945
7942.324108898725
7898.5543681327745
7773.802940584604
7642.539746983849
8026.485528493186
7918.103331966478
8116.896568486096
8452.616310293446
8006.610042115637
8096.666019334439
8041.442704060159
8271.326061947915
8116.895370093216
7996.464060402217
8137.212231492196
7962.163856088764
8147.051824350036
8011.495408854159
8297.55983997476
8011.569317041024
8036.437981487932
7869.5618692435655
7913.23015911344
7840.665368259455
7976.910541022946
8214.138112245877
7932.750535774319
8016.53750464743
8071.4901715812775
8076.515158592123
7759.582172232716
8132.125851837878
8203.811293032386
8198.630742168863
7893.755416458943
7967.086826062737
8318.644073899643
7898.630836009734
8219.312384061674
8091.6210464796695
7888.931108058061
8137.212286379456
8081.544482774585
8345.132133222533
8081.5453247160385
8086.5710224619015
7942.5379042973345
7712.446008037461
8132.126023892746
7996.673078424328
7986.7770716994855
7996.700056355736
7922.980681903879
7740.7011512137615
7918.10317061967
8116.893758625914
7913.229738511185
7500.732183628415
7908.361424394601
8056.444382919084
7976.9395167453295
8250.459284496203
8198.651393722907
7735.957311385911
8436.335566255799
8066.465648243611
7707.783919088681
7840.665397692048
8224.454340196071
8061.454111894201
8101.649501317565
7874.403448500294
7807.137404431522
8051.271947407753
7596.386404532455
7927.862990636482
7972.01124831644
7792.832062730395
7932.749028819451
7991.753708013649
8188.302721688267
8183.21545031044
8339.68887926515
7986.791391297023
8106.77151579441
8281.7410675395
7764.334894129013
8276.569183940852
7991.753705132945
8031.466136739746
8081.529612206048
7816.69486358603
7845.472317133098
7981.873135134051
8178.089593334509
8157.481072604407
8292.299396822453
7927.862219645325
8056.385408082175
8091.611805458406
7721.833796566026
7972.011137807161
7582.634929765601
7908.361408080604
7922.942115053471
7908.3614331019035
8308.090159532243
7845.471734700134
8111.785529004406
7903.49713182419
7976.939950907788
7831.044844393817
8250.459281237756
8137.210287243757
8382.469148423947
8188.364305032823
7821.416498510795
7922.981285953652
8121.969116546267
7835.862507090207
7826.270547597602
7482.692400874025
8430.921246011732
8016.538052122815
8669.956389673607
8157.442702566739
7807.116686045831
7908.361429945855
8266.105233595794
7898.637351180652
7893.781793995403
8036.452209150861
7991.753666086724
8297.56008822629
8001.601588959558
8250.450568755261
8076.515286900323
8350.44726555015
8239.957092308641
8121.795897722996
8323.929593767494
8167.839376816019
8091.6155672310215
8066.469369122613
7981.673510137259
8224.477117295692
8255.667655767043
8172.7096689463515
7913.230191297596
7773.795489942076
7816.692086131889
8021.509470065283
8132.126122776139
8162.7188797112385
8071.490113318794
8142.303418031068
8116.895370093216
7957.253857100539
7893.7677165252435
7651.813321893987
8001.65320510174
8271.325499552146
8096.642217093261
8219.299185167289
8106.746778903583
7952.342763638568
8061.454190631845
8193.508841354582
8147.400123532437
7908.3604084061735
7893.732730627361
8001.651661433505
8420.080440052083
7703.072475114055
7712.475418683207
7913.2301992430785
8339.816404961974
7981.870551056053
8276.564614787278
7893.782070564938
8329.205449099974
8051.432469313762
8096.6486008708935
8447.186634004389
7971.959820926269
7712.470559187457
8188.364214539768
8051.401620694287
8361.01746103561
7908.263670407752
7826.270248537459
7903.497142798424
8172.963039146059
8292.300340247313
8091.618266869076
8051.436232914593
7986.7995232302
7908.360851736597
7927.847693424106
7703.099086493945
8091.616473099079
8041.442281284046
7991.728346935158
8106.7717667278075
8157.577360395211
7967.086157861974
7996.687479276179
7972.01142436672
7913.23020521523
8021.436306624912
7996.67020412598
8026.483716189895
7884.084800580267
7957.2537199376
7986.766030408893
7564.221403857664
7750.1423027872015
8031.466506868155
8006.610060019095
8016.538141783331
8106.770792608005
7893.760265882715
7698.416922123068
7991.753701641838
7707.715124036535
7981.8727240948
8066.459021760793
7922.981069643167
8106.772121690478
8111.832007229208
8420.09951180566
8096.664457729202
8339.822571498225
8121.933454379206
7874.405329474357
8142.303899825125
8046.425671490377
8056.443918609897
7967.084241434416
7605.597189780377
7859.888264333131
8167.839376816019
7908.285080290372
8111.831029188392
7947.43699802401
7610.201861941789
8142.302661216107
7773.5721872024305
7884.084816201566
7888.924288250177
8607.56573580514
8162.6728986965745
8056.444386121284
8157.599429184953
7991.7494064650555
8006.569027237772
7619.393881051059
7932.749312111942
8167.806000873685
8011.565947075363
8281.80810625614
8016.514101720121
8188.364308060576
8021.509500386799
8287.053036534611
8334.518335942834
8137.212401823741
7991.382943902393
7922.981199382639
8091.621037977484
7721.867609572849
8245.254246374932
7792.749123384967
8240.054273637486
8188.2356463839005
7981.8628201259935
7962.164853603015
7845.4722770018625
8076.5149110100665
8266.046575733684
7707.784990692395
7816.695123160924
8234.861016775116
8224.334724118222
7628.657832316154
7778.564681698111
8021.509501060262
8096.614725915791
7764.334876685487
7811.9099959581345
7792.83087438013
7981.873157974615
8036.452330333914
8147.400477963321